367
182
263
242
276
263
159
80
263
24
80
263
182
221
263
182
263
263
240
263
106
263
467
263
42
263
80
263
263
276
263
182
263
240
259
398
263
263
263
42
263
42
366
263
263
263
263
263
263
263
240
269
182
182
337
263
182
182
263
263
234
182
182
42
263
334
263
337
263
182
263
282
263
430
42
263
495
263
182
182
495
182
263
263
42
263
263
263
263
263
263
263
263
182
263
207
263
42
263
263
263
263
80
263
263
236
454
263
263
284
42
263
263
263
263
263
263
182
461
42
263
263
242
263
263
263
263
263
337
42
337
263
435
263
240
240
263
263
263
263
263
263
263
95
263
263
42
263
263
182
263
95
263
337
182
263
182
263
461
147
182
279
240
289
263
182
263
337
263
263
263
263
263
263
263
263
42
263
263
263
276
182
263
263
263
263
461
461
263
461
263
263
263
337
263
263
263
263
240
121
461
263
42
263
263
5
263
17
367
56
94
56
56
56
56
56
94
56
94
56
56
56
56
56
94
56
56
56
56
56
56
94
56
94
56
56
56
56
56
94
56
56
56
56
56
94
94
56
56
94
94
94
94
94
94
56
56
56
56
94
94
94
56
56
94
94
56
56
94
94
94
56
56
56
56
56
56
56
56
56
94
364
56
56
56
56
56
94
94
94
204
95
56
94
94
94
298
94
94
94
94
88
94
94
57
94
94
94
94
204
94
375
94
94
360
94
94
94
94
94
249
94
94
94
94
94
94
94
94
94
202
238
94
94
94
94
94
94
360
94
375
94
94
94
94
94
94
94
56
94
94
94
318
94
56
94
94
94
202
378
94
94
56
94
94
94
469
94
94
94
204
94
360
94
94
94
56
56
56
56
94
56
56
94
56
56
56
94
154
56
224
165
94
56
56
56
56
130
56
94
56
94
56
56
56
56
56
56
56
56
94
56
56
56
56
367
298
298
239
298
298
298
298
298
298
148
298
298
298
298
298
298
298
298
298
298
166
298
437
298
298
298
298
298
298
305
298
305
298
298
298
298
298
186
298
166
298
298
392
298
298
298
277
298
298
298
203
298
298
298
298
298
298
298
298
298
6
298
298
298
269
298
298
298
298
166
298
423
142
349
298
298
298
298
239
299
298
330
298
298
298
281
298
298
298
298
271
298
298
298
298
298
414
322
298
298
499
298
298
298
166
298
298
495
298
298
396
298
298
298
145
298
298
271
305
298
298
298
298
298
392
298
298
298
352
322
298
298
298
298
298
305
298
298
168
305
298
298
298
298
458
271
298
484
298
298
298
298
298
298
298
298
305
298
298
298
298
298
298
298
161
437
298
298
298
298
298
298
298
298
298
85
454
298
298
298
298
298
298
298
110
298
298
298
298
298
298
298
298
298
298
298
298
145
298
298
298
298
298
298
298
367
183
85
298
85
486
85
85
85
85
85
85
85
85
85
85
85
207
346
85
85
85
396
85
85
85
289
85
50
85
85
396
85
85
198
85
190
471
194
495
109
85
34
478
168
255
392
85
85
478
159
85
380
85
346
136
159
85
85
85
85
259
85
85
396
85
85
85
85
244
455
107
159
17
95
18
18
335
322
159
478
206
85
298
436
436
85
340
85
322
198
85
85
57
85
397
85
66
85
85
85
85
85
253
85
489
289
251
85
85
91
183
343
85
85
346
85
287
85
85
334
495
85
34
18
47
445
85
85
142
16
465
85
402
198
18
85
384
436
412
85
255
255
34
18
85
85
346
85
85
266
166
18
85
85
298
346
486
85
85
97
198
478
18
478
478
85
436
85
246
329
190
85
190
251
85
478
337
486
73
85
85
85
85
85
440
346
85
85
351
346
85
421
85
85
346
421
85
194
85
85
85
85
367
359
51
332
359
359
332
359
332
332
332
332
359
359
332
332
359
359
359
332
332
332
184
332
359
332
359
359
359
332
332
332
332
332
359
332
359
332
359
332
55
359
332
332
332
332
332
332
332
332
359
359
359
302
359
332
332
332
359
332
359
359
359
359
359
332
359
332
332
332
332
51
332
359
332
359
359
332
51
359
359
332
332
359
332
332
359
359
359
332
406
359
359
359
359
332
359
359
359
359
332
332
286
359
332
332
359
332
359
359
51
332
359
359
371
332
332
359
359
359
359
359
359
359
359
359
359
359
359
359
332
359
359
359
359
359
65
359
359
359
359
359
332
226
332
359
359
359
359
359
359
332
332
121
359
332
332
359
359
359
359
332
87
359
359
332
332
359
332
209
332
332
359
359
359
359
332
332
359
332
359
359
359
332
359
359
359
332
359
359
332
359
332
359
268
378
286
332
359
332
332
332
332
359
359
307
359
332
359
359
367
200
200
338
200
200
200
200
200
200
200
200
200
200
200
200
256
256
200
200
200
200
283
200
283
200
200
200
200
200
200
200
200
200
200
200
200
200
200
331
200
200
200
200
26
200
200
200
283
168
200
200
200
200
1
283
200
200
168
168
168
57
1
200
200
200
200
200
200
200
90
200
200
200
349
200
200
300
200
56
200
481
200
200
90
200
200
200
200
200
1
200
268
200
200
200
200
200
200
200
200
200
243
200
200
200
200
283
200
283
283
200
200
200
200
68
200
200
200
200
200
200
200
200
200
200
200
125
162
496
200
200
200
200
200
200
200
200
200
200
200
200
200
200
200
495
233
200
485
200
200
200
125
200
200
200
125
200
200
200
200
200
200
200
168
152
200
200
168
378
200
200
200
200
168
168
200
283
200
200
200
200
200
200
200
62
200
200
200
200
200
200
200
200
200
200
200
1
200
62
200
168
200
200
101
168
283
200
367
254
254
254
254
254
389
450
254
120
254
254
254
254
0
355
254
389
254
254
120
254
254
254
254
173
434
254
254
120
49
389
254
254
389
173
254
389
254
409
389
254
389
254
254
254
254
254
398
244
120
389
254
254
254
254
254
398
254
254
254
66
254
120
254
257
254
489
101
438
57
120
252
120
407
389
258
337
389
389
389
389
42
485
464
120
389
389
18
389
250
160
484
389
31
398
254
254
254
254
254
254
254
254
254
204
160
254
254
389
180
254
389
254
389
389
449
389
250
91
160
389
160
389
389
254
254
254
254
254
254
254
254
254
254
254
254
254
254
254
254
254
254
254
254
254
254
254
254
254
254
254
254
254
254
254
254
254
254
254
254
254
254
254
254
254
254
254
254
254
254
254
254
0
389
389
497
64
90
254
254
3
254
254
254
389
160
254
254
254
254
254
254
254
254
461
449
389
120
366
389
389
254
254
254
254
254
254
254
254
254
254
367
154
154
392
154
154
154
154
154
225
154
154
498
154
154
297
229
154
369
154
154
9
154
332
154
154
98
27
154
198
365
407
154
243
243
109
243
154
154
154
243
297
481
154
154
154
154
154
154
337
154
154
7
154
243
243
129
154
154
154
154
332
154
189
154
151
154
154
151
154
154
154
154
154
154
154
154
154
154
154
402
154
357
70
154
154
154
45
68
406
154
162
154
154
151
154
154
154
154
310
283
75
167
154
154
286
154
154
154
154
206
154
37
446
300
154
369
154
154
68
154
154
154
154
154
154
154
154
154
65
91
108
374
7
35
154
154
154
154
154
359
154
359
154
154
447
154
151
337
281
229
249
76
154
356
154
154
476
76
281
199
154
154
154
154
154
159
68
225
154
382
109
9
9
132
154
154
360
414
414
154
154
154
229
143
154
207
476
154
154
124
154
154
7
154
121
236
154
281
151
151
154
151
185
281
367
392
494
403
392
430
392
392
137
47
198
345
392
392
392
392
392
47
47
413
345
392
392
77
284
47
392
392
198
392
392
345
47
478
413
345
392
476
345
480
47
392
392
392
392
392
392
413
392
392
392
392
13
47
477
308
413
476
392
392
392
392
246
392
392
392
310
47
245
270
98
315
296
478
297
413
20
47
57
281
51
47
390
47
47
47
392
102
108
108
392
413
392
392
392
402
47
392
392
392
392
392
392
322
392
392
392
345
392
392
47
392
345
495
392
47
392
2
413
209
392
392
480
255
392
392
47
413
345
478
392
392
302
392
335
392
413
392
371
392
89
430
47
122
205
392
89
392
392
392
274
413
392
392
7
47
47
392
427
221
392
316
392
47
392
392
392
323
47
392
337
476
337
392
392
476
74
76
351
316
392
392
345
392
392
345
392
392
392
392
392
392
392
337
392
392
392
318
345
345
392
392
345
47
345
392
367
233
357
404
231
390
286
305
62
41
292
102
146
112
181
286
62
337
285
122
224
146
226
365
483
286
370
146
404
404
370
46
112
62
404
365
287
404
404
146
404
210
390
59
390
404
404
244
287
146
165
152
148
441
286
231
388
332
365
209
209
398
146
44
94
94
41
286
125
51
146
231
286
234
209
146
359
382
209
286
146
327
146
388
286
38
71
165
401
95
171
227
286
390
278
359
359
95
62
443
62
394
51
174
441
383
92
111
146
94
286
188
285
184
358
231
302
243
29
95
160
171
209
209
154
286
302
51
62
286
51
302
286
184
188
286
453
65
415
370
185
286
456
337
137
146
62
359
181
302
94
94
388
210
318
62
302
258
258
209
234
0
231
455
456
95
272
391
368
427
304
75
146
62
221
441
318
307
62
149
286
209
94
259
359
394
257
104
51
0
0
359
204
227
227
27
62
183
275
102
133
62
146
105
146
285
188
149
367
123
36
254
254
254
254
254
254
254
254
254
288
467
316
254
254
254
254
254
254
254
254
254
254
254
254
254
254
254
254
254
254
254
254
254
254
254
254
254
254
254
254
254
254
254
254
254
254
254
254
254
254
254
254
254
254
254
254
254
254
254
254
254
254
254
254
254
254
254
254
254
437
55
254
254
254
254
254
254
254
254
0
380
254
254
343
254
495
254
254
38
38
25
376
13
495
122
247
271
254
138
254
73
254
254
254
60
254
331
1
124
254
254
254
287
495
254
254
254
17
193
254
254
254
254
198
376
220
337
215
254
254
254
254
48
253
193
55
453
2
287
0
183
255
352
3
3
254
254
254
254
254
254
254
254
254
254
254
254
254
254
254
254
254
254
254
254
254
254
254
254
254
254
254
254
254
251
254
254
254
254
254
254
254
254
254
254
254
254
254
254
254
254
254
254
254
254
254
254
254
254
254
254
367
459
48
101
352
186
459
68
68
459
95
58
48
459
459
247
95
58
68
95
459
104
459
459
387
194
459
95
186
54
95
459
252
459
147
497
48
95
459
54
206
63
63
218
459
459
459
288
459
194
459
459
63
430
63
459
352
95
476
242
95
186
138
63
459
331
438
95
459
95
459
138
459
95
459
95
95
459
95
459
459
459
459
459
263
459
304
459
186
459
432
263
430
459
194
459
272
131
272
459
42
297
186
186
459
58
459
61
448
73
272
459
459
459
125
166
459
459
186
459
459
304
459
459
34
459
272
459
83
459
459
186
139
50
459
186
459
251
186
459
186
459
124
459
459
444
459
275
58
459
48
186
459
430
459
459
337
459
104
48
352
186
459
459
214
459
459
459
430
68
68
68
95
459
459
459
95
186
272
168
68
468
95
95
270
459
68
95
416
68
95
75
252
171
118
147
68
95
459
459
95
459
58
459
386
58
68
459
95
367
70
14
247
14
104
230
14
230
19
247
376
230
86
230
247
14
2
338
230
166
247
230
14
14
14
14
197
230
14
333
14
247
14
230
247
301
14
14
488
247
14
14
247
86
223
247
14
230
14
267
230
230
323
337
230
166
328
2
14
230
86
315
320
14
14
14
247
70
14
14
14
12
14
14
469
14
132
14
214
14
130
44
14
2
14
315
14
14
14
14
70
14
14
86
14
247
14
14
14
223
14
44
14
14
230
315
14
14
14
230
14
14
14
14
247
14
14
14
230
202
247
230
14
230
247
230
14
2
14
107
95
14
14
14
14
230
14
247
168
230
2
44
70
315
14
14
14
14
453
14
14
337
14
251
183
14
14
395
14
14
73
269
14
14
230
379
247
14
2
247
14
230
470
14
84
14
230
70
230
460
230
14
230
70
315
14
230
14
14
14
14
55
14
76
70
230
147
230
2
14
14
14
109
14
14
44
14
124
14
14
229
230
300
86
367
455
455
455
352
455
56
83
455
56
442
257
331
444
19
296
237
357
442
123
131
83
455
323
80
106
7
139
328
476
380
455
455
110
271
455
107
107
476
147
455
455
338
106
455
455
455
106
455
67
197
56
139
323
56
455
455
455
56
455
495
56
455
455
56
56
336
56
455
206
455
161
455
56
455
455
57
455
296
107
340
379
455
56
139
161
56
320
107
139
56
139
379
444
455
455
320
296
56
106
50
320
56
45
56
242
201
455
455
455
139
455
455
384
56
139
56
455
197
107
201
455
455
126
200
455
107
139
455
455
56
56
201
455
455
363
56
447
106
453
201
56
455
56
197
77
5
106
56
447
315
37
476
464
455
455
495
197
323
455
424
131
356
419
455
174
455
455
7
356
323
323
139
482
107
352
476
329
455
296
106
106
481
139
244
83
455
45
197
455
174
455
455
310
174
69
455
183
139
32
455
189
495
296
455
107
492
367
318
206
62
281
177
310
0
358
178
225
20
225
20
225
40
177
151
368
95
143
225
178
177
0
232
225
177
225
95
20
225
177
432
42
411
151
411
177
232
411
225
330
218
177
305
218
281
368
71
177
450
177
358
358
358
225
20
225
225
391
217
368
281
411
5
178
177
358
411
411
42
76
178
411
225
42
218
76
225
77
49
411
225
177
61
178
225
390
44
225
225
225
305
42
417
426
225
95
225
169
20
225
218
263
54
151
151
476
411
99
262
291
177
130
281
281
305
225
49
225
104
225
281
178
368
225
218
48
225
411
225
411
46
151
225
225
450
185
225
177
358
411
261
371
371
458
225
178
358
144
357
371
371
411
368
250
371
371
333
224
6
390
225
93
225
225
225
34
358
358
281
177
225
218
218
433
433
433
20
108
0
158
218
91
489
269
225
411
225
44
367
300
225
218
276
368
95
177
177
218
225
185
177
225
177
177
101
218
367
393
393
393
334
393
61
393
102
85
393
393
274
191
191
393
393
6
335
393
258
393
393
393
393
36
393
393
398
6
334
393
393
393
393
393
393
393
496
31
335
393
335
385
393
69
292
393
292
292
393
337
336
424
337
393
393
379
393
393
393
393
393
393
393
393
269
393
393
356
335
393
292
292
292
393
393
393
393
393
393
393
393
238
278
356
393
393
393
95
329
329
393
393
393
335
393
433
393
393
393
393
225
225
393
292
292
393
393
393
393
393
248
330
398
393
393
393
335
461
393
393
393
393
292
292
292
292
292
393
356
494
393
398
393
393
393
292
292
292
292
292
292
393
476
393
83
495
393
44
393
335
393
393
393
393
292
292
292
292
329
335
393
393
393
335
393
393
393
343
393
393
393
393
269
269
393
393
292
393
393
393
393
393
393
335
393
493
292
292
292
292
292
398
148
398
393
393
476
476
30
393
83
292
292
292
367
396
423
255
253
253
253
99
253
255
190
253
255
99
10
255
398
495
251
398
253
412
253
398
253
255
253
253
99
255
277
251
253
253
252
253
99
253
398
99
253
253
99
253
253
253
440
398
253
277
255
253
253
440
253
253
253
99
0
255
268
174
56
255
253
440
458
99
253
253
253
253
255
253
253
277
255
253
253
444
253
253
440
253
253
255
253
253
255
333
99
170
253
253
253
253
255
255
99
253
255
347
329
440
440
253
253
84
99
255
253
440
99
253
366
253
253
253
255
255
253
253
85
253
255
253
253
253
253
253
255
242
255
253
253
99
99
99
255
253
253
31
253
253
147
36
147
69
495
253
253
13
253
251
253
253
340
253
253
465
253
124
398
253
253
219
329
311
253
122
255
471
255
253
411
253
253
99
99
253
253
337
219
16
99
495
251
253
253
99
298
329
255
253
253
255
255
329
329
253
255
253
277
343
311
253
253
99
495
34
253
367
187
187
187
187
191
187
187
187
152
361
187
249
187
187
187
495
152
361
187
187
187
187
187
187
187
187
361
187
187
187
187
187
187
28
28
28
28
28
28
28
28
28
28
28
28
28
28
28
28
28
28
28
28
28
28
28
28
28
28
28
28
28
28
28
28
28
28
28
28
28
28
28
28
28
28
28
28
28
28
28
28
28
28
28
28
28
28
28
28
28
28
28
28
28
28
28
28
28
28
28
28
28
28
122
187
187
361
249
337
187
187
187
187
255
187
187
249
142
187
187
187
187
306
191
13
271
187
187
361
187
83
187
187
187
187
249
187
187
187
187
187
295
187
187
342
337
433
249
20
187
187
187
187
187
337
187
187
458
411
191
191
187
187
249
187
187
187
187
187
187
337
187
187
187
187
187
187
187
187
187
187
275
187
187
25
187
399
361
187
187
187
187
344
152
249
187
187
187
275
191
399
187
187
187
187
187
187
187
187
187
367
88
62
154
62
62
62
337
62
62
62
62
62
62
62
62
62
62
62
62
62
62
62
73
62
62
88
62
227
62
83
62
466
62
227
62
62
62
62
62
62
62
62
62
62
62
62
62
62
62
62
62
227
447
227
227
62
62
227
397
227
227
437
227
62
62
426
227
62
62
62
227
233
256
340
62
271
62
62
62
62
62
62
62
62
271
62
62
62
62
227
62
115
73
62
62
62
62
62
88
437
62
62
62
62
62
62
62
62
271
62
466
62
62
229
62
62
62
62
62
62
62
271
62
62
62
73
62
62
62
62
62
62
227
62
62
62
466
62
62
62
62
62
62
466
62
57
62
62
62
466
62
268
62
62
62
62
62
62
344
62
62
62
62
62
62
62
62
62
62
62
62
62
62
476
62
125
62
62
410
62
62
62
227
62
62
62
62
62
62
335
62
62
62
250
227
466
62
62
62
62
62
62
62
62
62
62
62
62
62
367
463
463
468
463
463
463
463
463
489
415
463
463
89
463
463
89
463
463
463
463
37
83
201
463
468
201
201
463
201
201
463
463
463
437
463
463
83
463
463
463
463
463
313
463
463
463
201
201
268
463
87
463
201
201
201
271
201
35
201
35
463
283
463
463
463
463
463
334
179
463
463
463
463
77
352
463
331
463
154
154
463
463
115
179
463
463
463
463
390
463
463
201
201
463
201
201
463
121
463
463
463
201
201
463
201
201
305
57
271
463
463
463
463
83
463
463
463
463
463
83
51
463
463
463
43
463
364
463
35
463
463
463
189
463
463
463
463
463
463
463
20
463
463
463
496
495
463
20
305
463
84
463
463
37
463
463
463
468
463
364
463
463
463
463
463
463
61
463
463
95
463
468
463
332
463
268
463
463
463
271
463
489
271
463
468
463
463
463
271
284
463
472
364
463
463
495
463
89
463
23
463
463
95
364
463
463
386
463
463
367
404
308
308
13
43
43
43
43
43
408
308
63
63
13
50
308
308
308
308
43
455
63
63
308
230
43
43
43
308
308
455
63
230
230
308
230
455
43
43
43
308
308
230
13
168
300
281
378
455
43
455
404
129
459
308
134
308
308
308
282
58
308
308
308
404
308
308
41
404
248
308
308
308
408
300
308
43
300
68
365
455
308
392
134
370
460
308
337
308
300
455
161
308
460
186
308
82
300
13
308
308
455
134
404
308
473
308
404
455
300
308
308
455
308
308
95
308
404
95
193
134
308
308
308
282
308
300
455
308
455
193
58
58
252
41
455
392
404
308
68
13
308
392
308
207
300
300
308
404
277
134
308
308
308
455
35
43
392
455
392
204
308
308
476
308
404
134
308
283
495
308
308
308
308
308
392
308
308
308
35
43
43
43
43
308
300
300
378
308
460
43
230
230
230
230
460
308
252
308
300
43
43
43
305
308
308
100
13
61
311
367
208
400
406
260
214
471
288
122
371
104
127
288
260
365
377
334
410
410
260
22
373
77
373
471
337
168
471
260
471
471
214
471
392
250
260
392
98
477
220
281
446
471
260
260
365
260
260
34
365
488
281
446
260
216
260
411
365
260
392
24
385
402
260
182
24
476
260
62
79
438
115
214
288
402
405
104
260
402
392
260
260
260
175
154
260
214
368
144
471
402
260
365
260
104
373
471
405
471
480
245
402
476
298
288
154
120
260
260
411
466
378
260
435
454
471
471
260
471
62
260
49
402
324
113
337
46
260
260
328
405
260
144
104
104
392
392
435
402
402
77
324
260
494
471
144
171
260
446
493
15
260
454
260
144
122
250
454
15
260
349
324
498
312
365
480
126
214
471
141
144
60
122
438
260
392
337
268
260
141
260
309
392
76
429
143
471
392
245
260
260
392
260
260
260
220
260
216
64
364
216
236
405
410
3
471
367
267
207
196
202
471
38
38
254
254
298
492
133
133
280
362
445
328
38
467
38
467
202
267
492
48
31
38
158
475
38
467
267
491
206
467
467
278
122
38
168
280
38
280
138
38
485
463
38
328
38
475
267
38
206
328
328
254
467
254
254
467
267
267
445
328
196
254
254
38
356
247
445
348
467
492
168
38
247
38
254
112
267
348
38
38
267
168
38
348
267
348
348
267
467
304
348
348
267
348
348
138
354
280
81
170
445
302
38
467
10
38
348
38
38
37
38
168
247
201
38
328
38
38
247
328
201
201
267
168
38
38
38
348
207
207
348
38
38
133
38
38
38
467
467
467
38
168
38
348
150
38
38
38
38
38
38
38
348
467
354
38
390
38
168
278
275
168
38
211
280
254
254
254
254
254
247
254
38
254
254
122
38
38
38
150
348
348
254
254
254
280
38
38
38
202
38
21
387
267
185
168
429
340
448
168
401
467
38
38
38
367
72
62
72
72
72
390
390
390
72
72
98
390
390
72
442
433
442
72
442
72
390
72
499
390
390
390
390
129
390
72
293
293
293
293
72
72
72
72
72
72
72
129
72
72
72
129
129
72
129
129
129
129
72
129
325
72
325
72
72
236
403
403
403
390
100
72
100
100
454
454
72
72
123
72
390
129
242
129
390
298
129
390
433
62
100
390
370
370
390
433
100
129
433
370
370
121
170
199
100
462
100
416
329
329
390
121
390
433
240
121
390
462
390
370
100
370
370
297
370
370
370
370
390
390
416
121
414
390
390
390
352
390
390
87
390
87
72
410
390
433
433
189
390
433
170
390
390
30
180
129
30
433
433
30
493
479
82
297
128
112
410
390
180
390
390
390
180
433
180
249
313
437
313
313
180
493
296
410
129
129
129
129
129
129
72
410
433
0
56
282
56
56
56
279
390
127
210
390
390
46
390
390
46
121
46
390
121
121
46
121
46
46
433
367
463
60
6
60
1
469
6
72
1
437
391
462
264
462
462
63
462
165
495
462
469
391
6
391
391
462
6
390
469
462
469
391
462
391
391
9
386
495
168
134
62
220
6
462
499
472
257
462
462
365
293
499
59
462
6
59
463
462
59
150
335
46
63
63
462
59
453
331
436
495
462
62
63
63
186
60
469
83
100
293
462
83
462
462
462
462
462
300
462
189
83
462
462
462
295
462
462
168
191
462
191
187
20
462
166
469
462
479
462
463
462
462
462
462
191
462
462
462
436
387
6
85
6
242
6
462
35
463
462
495
462
462
436
6
462
6
462
437
364
462
151
462
462
6
462
462
6
495
35
13
462
462
462
6
463
61
462
485
108
499
163
462
462
495
268
462
125
462
21
61
467
469
462
462
60
43
59
191
469
92
150
462
154
390
371
43
365
489
182
408
60
462
46
59
43
43
37
358
63
43
495
43
43
43
43
334
367
468
140
468
146
147
357
468
468
283
48
364
318
147
468
468
323
496
197
468
468
288
265
251
76
327
480
468
53
58
468
468
468
468
468
463
468
468
468
283
468
468
468
468
468
468
468
283
468
468
468
468
197
288
468
205
144
468
11
163
468
468
468
468
468
468
287
32
468
390
173
468
468
63
468
468
468
463
468
57
468
468
468
468
447
468
460
468
468
468
468
468
468
468
468
468
468
468
468
468
468
468
468
468
468
468
468
423
84
377
468
168
468
288
202
287
468
288
468
463
369
468
452
15
186
468
271
496
468
468
179
468
460
459
305
468
468
468
496
468
61
337
337
468
468
468
468
468
61
377
468
468
184
468
468
468
468
468
468
468
147
82
468
468
468
327
468
337
468
499
468
468
283
110
468
468
468
468
468
468
468
468
337
288
468
468
468
468
468
390
468
283
468
312
463
468
468
416
468
468
468
468
468
468
433
401
468
367
148
84
84
268
84
84
84
84
268
494
466
84
84
268
84
84
268
84
495
466
268
84
84
349
268
84
84
84
466
268
84
268
84
84
268
268
466
84
84
84
466
268
268
84
84
268
84
84
13
337
466
268
84
62
268
268
84
84
268
466
268
84
84
84
268
466
84
268
104
268
84
84
268
466
84
84
84
84
84
84
84
84
84
268
84
84
84
84
84
84
268
35
84
402
268
84
84
84
268
268
84
84
268
466
84
84
84
268
84
84
84
84
84
84
84
84
84
146
84
268
84
84
268
466
84
268
84
84
280
84
466
84
84
84
84
84
466
84
222
84
84
466
84
84
84
84
84
84
84
84
268
268
437
468
84
35
73
268
268
84
268
84
84
84
84
84
84
22
452
452
135
135
84
466
84
84
268
84
84
84
84
84
268
84
207
84
268
84
84
84
62
84
268
84
84
148
148
84
84
367
55
55
55
55
55
19
19
130
19
350
470
156
55
156
442
55
55
425
379
425
347
50
19
50
19
50
347
50
257
347
55
19
229
347
19
55
323
147
495
372
271
296
400
55
490
490
296
136
347
147
350
130
19
19
425
425
55
156
55
347
347
347
31
347
347
347
347
347
19
425
55
19
19
19
110
323
148
400
19
347
155
55
55
323
55
55
296
323
147
55
347
347
89
347
425
347
347
347
89
19
55
197
385
155
55
256
246
55
166
55
55
55
192
156
55
19
55
55
55
55
357
296
55
82
208
55
19
153
139
119
425
55
156
455
55
156
55
106
55
55
156
155
155
55
55
197
55
350
55
470
55
19
425
19
39
39
477
392
296
19
187
296
347
347
425
162
327
156
350
279
55
425
55
55
277
133
133
425
55
425
425
55
296
41
55
19
425
487
347
50
50
50
50
50
50
55
291
451
451
19
19
19
55
139
19
447
367
220
151
214
453
495
220
90
122
220
124
220
62
271
220
220
471
477
220
493
220
220
220
281
220
220
62
337
493
220
364
220
454
220
410
220
220
220
220
168
220
341
229
214
220
289
220
214
214
220
189
433
220
220
411
35
403
495
220
168
220
220
452
220
168
220
127
495
220
220
321
220
220
220
463
220
493
57
220
220
341
62
220
220
220
214
220
220
214
220
220
220
220
220
455
340
463
220
220
220
220
352
220
69
220
248
220
416
220
220
220
220
220
220
214
62
242
214
169
220
335
493
220
220
256
220
220
220
220
216
481
411
62
121
220
493
220
495
320
496
220
220
220
495
220
495
220
220
220
220
220
220
220
220
220
220
463
220
220
62
220
168
220
220
35
220
364
365
249
220
220
220
148
62
328
72
62
220
471
410
220
214
341
220
220
220
214
128
247
220
220
220
62
220
379
220
357
220
220
439
220
244
220
62
220
220
214
463
493
367
441
176
176
176
160
176
176
176
337
306
176
176
186
176
300
176
118
176
176
325
176
176
176
176
176
176
176
211
176
254
176
176
176
176
176
176
176
176
337
176
176
466
471
176
176
176
176
176
176
176
2
176
176
176
176
176
176
176
337
176
176
61
176
176
196
409
176
176
140
176
176
224
176
176
176
176
176
176
337
306
176
176
176
262
176
176
335
176
176
176
176
176
176
176
176
176
176
211
176
306
232
306
176
32
176
176
176
176
479
471
176
176
417
317
176
209
471
176
4
150
176
176
176
176
176
169
176
176
316
169
199
306
176
176
176
176
463
176
176
471
84
471
176
176
176
176
176
306
211
242
450
176
182
182
306
57
176
176
176
176
176
176
62
250
176
176
176
306
357
182
186
176
176
176
176
176
176
176
271
176
176
176
176
176
176
176
176
176
254
176
471
254
176
182
471
176
387
176
306
176
254
176
176
176
176
176
367
284
284
284
284
284
284
284
284
151
151
284
151
151
412
284
151
151
151
151
151
284
284
284
151
151
109
338
151
114
109
284
284
151
151
151
284
220
490
109
284
380
411
471
284
151
419
367
151
151
284
151
151
284
151
151
284
151
371
151
151
284
151
284
151
151
284
151
284
284
151
109
284
301
151
338
151
499
284
151
284
151
284
151
284
151
284
135
151
284
381
284
151
416
205
151
205
284
151
284
284
84
168
268
151
151
232
151
151
112
76
46
151
337
151
151
312
151
151
382
343
284
284
151
284
151
335
3
323
61
13
382
151
151
151
284
335
151
168
372
151
151
151
284
151
24
151
220
151
151
117
284
52
284
367
284
382
284
151
151
284
206
284
151
284
151
284
151
284
191
284
284
151
284
151
284
151
151
185
151
151
284
128
284
151
151
284
151
371
284
447
284
302
367
151
151
151
151
151
284
151
151
151
367
383
483
122
116
122
328
196
122
332
383
122
122
178
178
178
178
178
332
178
122
122
178
122
178
122
122
178
332
75
122
495
200
122
122
122
122
486
328
332
122
122
122
122
45
122
122
139
68
122
122
271
122
122
122
122
178
189
481
201
122
402
122
378
122
122
122
122
97
122
122
328
122
201
10
122
122
122
122
201
178
178
122
178
122
178
178
122
444
201
342
201
166
10
328
201
122
178
201
122
178
178
178
178
178
178
178
178
178
332
178
178
178
122
178
178
122
62
178
178
189
178
178
122
178
122
178
332
178
178
178
178
122
178
122
328
328
178
106
122
332
491
122
122
337
122
122
122
178
178
122
178
328
178
122
302
178
178
332
337
328
73
122
122
122
122
122
178
383
483
122
116
122
328
196
337
122
342
265
122
122
122
122
402
122
315
126
122
178
122
178
122
178
122
178
328
122
122
328
122
426
122
367
168
495
495
495
495
495
495
495
60
336
178
495
495
57
495
495
495
56
495
352
46
495
46
21
495
495
495
495
137
495
46
495
364
495
214
495
131
495
495
55
495
495
495
495
437
271
198
196
405
56
443
495
495
404
424
495
344
495
495
192
60
271
495
476
364
482
36
449
495
178
495
300
495
305
340
495
256
36
495
407
62
352
135
157
495
495
495
495
463
495
495
453
216
198
452
495
495
232
242
495
495
476
495
344
463
476
46
191
242
46
455
46
495
495
62
57
74
495
340
495
62
191
495
495
476
495
129
495
495
455
495
495
495
379
453
364
495
495
495
482
495
344
296
379
495
495
495
495
62
495
495
495
207
495
495
108
481
37
495
439
2
492
495
495
495
495
133
495
495
495
495
476
85
495
476
305
35
495
57
63
495
393
192
41
62
337
35
356
476
495
336
495
189
495
37
495
495
495
495
495
495
137
56
268
371
367
481
481
46
481
186
481
481
481
481
481
481
379
334
304
283
481
237
481
481
481
296
481
481
148
229
493
229
205
481
481
481
349
481
481
481
390
264
481
481
481
481
357
481
429
481
493
201
229
481
481
481
481
481
481
481
481
481
481
481
83
481
481
481
481
481
481
481
481
229
481
481
481
264
334
481
481
481
481
481
495
340
481
229
334
340
481
481
483
481
481
206
402
56
334
481
481
481
482
476
481
481
363
27
481
481
481
481
481
481
481
481
131
481
189
481
481
481
481
481
481
481
26
229
481
481
356
229
481
481
242
481
481
481
481
481
264
455
481
481
481
481
481
481
481
481
481
481
481
481
481
481
481
481
481
397
481
481
481
481
264
86
481
191
481
481
229
481
481
229
229
229
481
481
481
10
481
481
481
481
481
481
229
481
481
46
282
481
481
481
60
481
481
481
481
161
364
481
481
481
481
161
481
481
499
481
481
367
104
337
229
104
104
229
229
229
104
229
424
104
104
104
229
104
104
104
104
104
464
104
493
104
104
104
104
104
104
104
481
104
104
104
125
104
86
104
481
201
104
229
104
104
104
104
104
104
104
337
481
315
229
481
229
104
104
104
104
366
104
104
104
104
104
372
104
433
481
229
183
104
104
229
86
62
229
104
104
104
229
142
104
229
104
104
104
104
345
104
229
104
86
104
104
236
104
104
382
229
86
229
229
104
187
104
104
104
229
104
104
86
104
229
481
104
481
104
104
104
104
229
104
104
481
104
229
104
104
229
104
104
229
189
104
229
229
104
104
104
374
104
229
229
229
229
229
229
229
229
104
424
143
152
454
104
104
229
104
229
104
104
229
229
229
229
229
104
229
229
229
104
229
229
104
229
104
104
229
104
229
229
104
104
229
104
229
104
104
229
229
104
229
104
104
229
229
229
104
104
104
104
229
229
229
104
229
229
229
367
46
405
123
46
123
30
30
426
32
21
357
46
374
71
123
46
29
335
372
218
46
46
218
368
368
368
177
177
199
46
336
374
46
46
177
44
201
46
46
332
387
46
46
46
46
402
24
431
62
368
311
69
336
387
62
335
46
423
62
46
336
46
46
217
310
423
46
323
111
218
479
226
483
416
423
46
100
46
302
46
268
218
374
261
46
46
62
46
483
423
368
361
218
103
46
46
41
218
217
137
46
372
368
483
46
423
145
203
368
261
277
328
483
46
46
46
46
401
401
489
368
368
402
357
438
57
211
46
46
402
418
261
218
46
46
205
46
232
169
46
46
66
336
183
46
33
89
62
177
71
46
449
131
61
315
466
460
477
46
128
291
471
185
46
46
297
336
368
218
89
363
494
46
170
321
46
218
495
368
494
30
336
495
46
46
281
482
482
368
317
138
46
220
128
46
185
91
291
122
344
261
46
368
49
367
247
408
62
133
88
348
348
359
124
251
124
38
278
353
348
359
348
209
5
348
316
278
278
215
133
278
280
479
420
278
348
278
359
276
467
348
348
359
332
374
317
280
445
133
280
278
278
348
467
114
359
359
275
80
278
278
160
354
88
278
8
359
306
420
376
38
467
247
100
133
281
348
348
467
362
116
216
38
467
332
200
332
414
278
278
133
278
348
306
314
400
456
38
359
53
357
247
348
467
467
173
22
278
160
348
12
464
376
165
348
286
497
176
176
278
278
356
136
348
247
337
337
337
337
43
359
211
211
306
420
467
359
390
275
20
362
300
280
176
343
355
359
281
133
241
278
281
52
348
165
22
22
355
278
133
133
316
278
160
136
348
278
337
435
414
51
278
278
278
348
375
348
38
359
348
332
278
348
210
234
224
278
278
281
306
348
278
5
278
278
467
280
306
359
278
278
481
278
278
280
280
278
335
314
367
416
416
416
263
416
416
416
281
416
416
294
416
416
337
416
416
416
416
294
114
416
90
416
416
90
416
416
416
416
90
416
80
414
416
416
416
416
345
416
416
257
294
281
87
294
294
416
416
416
294
90
90
90
90
90
90
90
90
90
90
416
281
294
294
281
414
281
130
281
281
281
294
90
90
90
90
90
90
90
90
281
281
90
90
90
90
90
90
90
416
90
281
416
281
294
490
294
294
294
380
294
294
140
294
66
263
281
294
281
281
281
294
281
294
281
281
117
281
281
10
90
90
90
90
90
90
90
90
90
90
90
465
90
90
281
281
281
281
281
281
90
90
90
281
90
90
90
281
281
481
90
90
90
90
90
90
90
255
308
281
159
294
294
294
281
281
294
294
294
281
90
90
90
90
90
90
90
90
90
90
281
404
281
390
281
255
66
87
480
438
416
416
90
90
90
90
90
90
281
281
416
416
416
90
281
90
90
90
90
90
367
95
207
185
113
185
185
299
185
3
401
189
45
250
20
185
185
304
304
390
6
6
218
27
218
185
185
457
280
378
177
434
24
154
108
24
185
446
177
177
144
390
390
165
0
185
224
185
197
185
185
342
264
126
185
368
394
114
185
341
185
206
147
357
185
123
392
185
95
45
45
291
185
326
264
185
0
401
123
262
176
217
177
177
185
321
269
185
20
260
130
185
185
394
394
369
394
299
114
401
394
188
143
143
143
56
113
178
111
330
178
330
342
185
108
3
272
250
114
335
427
185
262
114
143
95
273
143
250
185
20
91
23
102
109
366
185
401
81
81
111
111
91
137
235
108
108
108
109
185
222
291
291
281
244
185
295
185
111
185
7
342
184
246
144
417
401
185
185
185
434
165
128
390
46
266
185
143
185
241
70
241
378
177
177
177
177
177
185
390
3
378
216
401
185
401
185
416
185
450
185
332
185
367
437
437
201
227
437
437
437
437
437
227
437
437
437
447
201
437
437
437
437
201
437
227
227
201
227
227
227
437
201
437
437
201
437
201
437
437
437
201
201
437
437
437
437
437
437
437
437
437
201
437
201
227
485
227
227
227
437
437
437
437
437
437
201
437
437
471
172
437
437
201
201
201
201
201
437
437
437
437
437
201
437
337
437
337
437
437
201
437
437
437
437
437
437
437
437
437
437
437
62
437
201
437
437
62
437
437
437
437
437
437
437
437
437
437
437
437
62
437
62
358
62
437
437
437
437
437
437
84
437
201
437
62
437
62
437
437
62
437
437
437
437
437
437
437
437
437
201
62
437
437
227
227
227
227
227
437
62
437
437
201
201
84
437
437
437
437
437
437
437
62
437
437
437
437
437
48
437
201
437
437
437
437
437
437
437
437
437
437
437
437
437
437
201
62
437
201
201
437
201
437
201
437
367
305
0
179
277
247
168
277
2
406
277
232
96
104
104
104
432
63
124
343
2
190
438
442
2
219
0
242
168
406
232
280
183
465
277
99
277
2
1
179
232
135
499
2
254
53
254
2
104
2
2
37
390
152
179
364
163
0
179
2
495
99
179
239
404
2
0
253
244
390
287
2
495
277
104
255
2
136
463
279
271
476
0
247
20
0
439
2
48
375
2
232
352
268
85
496
255
495
2
104
250
2
336
495
148
277
333
277
2
227
277
13
277
277
277
386
2
277
2
277
277
282
277
277
328
277
2
0
277
277
277
168
277
171
277
48
2
277
2
73
277
277
277
277
361
277
18
277
254
247
277
336
236
277
277
277
84
37
268
495
2
496
277
247
277
168
168
277
468
277
60
364
60
445
84
183
0
438
60
1
12
254
2
476
254
254
254
253
254
232
453
254
99
253
2
2
0
255
2
254
251
495
265
254
287
444
367
242
242
242
242
242
242
242
242
242
242
242
242
242
242
242
242
242
242
242
242
449
242
242
242
242
242
242
242
242
222
423
60
242
242
242
242
242
242
242
242
242
242
242
242
242
242
242
242
242
335
242
242
242
242
242
242
242
242
242
242
242
242
242
242
242
242
242
242
242
87
242
242
242
242
242
242
242
35
242
242
90
90
242
242
242
242
242
242
242
242
242
242
242
444
242
242
242
242
242
242
242
242
242
242
242
242
242
242
242
242
242
242
242
85
242
91
85
242
242
242
242
242
242
242
242
437
242
242
242
242
242
478
242
191
242
90
63
242
271
242
242
495
242
242
242
242
242
242
242
242
242
242
495
242
60
60
242
35
242
242
78
242
242
161
60
242
242
242
242
242
242
242
242
242
242
242
242
242
242
247
242
242
242
242
242
242
242
242
242
242
242
242
242
242
242
242
242
242
242
242
242
35
242
367
432
216
422
422
422
467
7
52
422
110
245
216
294
245
245
422
245
245
245
422
422
422
245
245
422
245
245
245
245
245
216
245
245
245
230
245
245
245
245
422
245
245
245
422
374
422
245
245
245
454
245
216
160
245
422
245
245
245
245
109
245
245
245
245
245
6
422
245
422
245
216
245
245
422
6
422
245
245
422
245
245
245
171
245
245
245
245
422
216
245
245
245
422
245
245
407
245
245
245
101
245
294
174
309
245
245
422
245
245
245
245
245
245
245
422
245
407
245
41
422
245
245
245
245
245
303
245
374
422
166
245
245
245
245
422
454
245
245
412
245
431
245
245
245
245
422
245
245
245
245
245
166
269
245
110
13
245
422
245
245
245
245
245
245
289
245
454
422
110
422
74
245
200
422
245
130
422
245
245
422
245
48
245
245
422
245
245
245
245
245
422
245
245
245
422
245
482
245
245
245
6
430
422
245
245
367
482
15
15
15
15
148
141
15
15
15
15
15
303
124
135
477
402
483
90
472
499
15
15
15
15
15
53
495
376
152
89
15
15
402
15
172
15
15
464
402
15
15
402
15
396
15
15
91
15
499
15
107
172
454
15
474
15
15
172
15
15
15
16
15
15
76
15
402
15
123
15
15
15
15
15
172
125
15
408
76
172
172
412
15
15
172
15
402
15
161
496
15
449
15
15
349
15
15
125
15
402
135
172
15
488
15
402
15
495
377
15
172
499
195
77
402
235
495
15
402
15
15
471
15
15
446
426
172
15
172
15
15
449
478
395
15
395
15
274
408
15
402
279
499
439
15
172
324
15
482
402
15
135
15
460
402
15
402
488
357
411
172
402
15
15
439
15
443
15
15
172
402
107
443
161
15
172
95
15
15
196
17
15
402
15
15
159
495
15
15
15
488
349
15
172
15
15
15
272
402
367
337
115
337
115
115
115
337
115
337
115
337
115
115
337
337
337
337
337
337
337
337
337
337
337
115
115
115
115
115
115
115
115
115
337
337
337
337
115
337
115
337
115
337
115
115
115
115
337
337
337
337
337
337
337
337
337
337
115
337
337
337
337
337
337
337
337
337
115
344
337
115
337
337
337
337
337
337
337
115
337
337
115
337
337
337
337
115
115
115
115
337
115
337
115
337
337
337
337
337
337
337
115
115
337
337
115
115
115
115
115
115
90
476
115
115
337
337
77
115
115
115
337
115
337
115
115
337
115
115
115
115
115
337
115
337
337
90
115
115
364
337
337
337
115
337
115
337
337
115
115
115
115
115
337
337
115
90
337
115
337
115
337
337
115
337
337
337
337
337
337
337
337
337
337
337
337
337
337
337
337
337
337
115
337
115
90
337
115
337
115
115
337
115
115
337
337
337
337
337
337
337
337
115
115
115
367
300
13
300
300
460
300
300
300
95
300
300
300
300
268
313
300
13
300
300
132
313
364
300
267
300
13
300
300
300
233
300
13
283
300
460
469
300
300
300
300
333
300
364
300
13
268
300
300
300
392
224
300
463
170
300
300
13
476
75
48
300
36
463
300
233
390
300
13
313
334
300
313
36
300
460
13
58
300
296
283
58
300
300
300
300
376
140
140
140
13
495
300
13
283
308
485
459
378
463
300
300
300
62
495
288
282
283
300
300
300
471
300
438
300
300
144
13
300
300
300
300
473
300
70
300
300
300
300
300
300
300
300
13
369
300
131
300
300
300
300
300
300
300
300
282
300
78
230
300
300
300
200
166
300
300
61
300
235
283
13
300
300
48
76
35
300
152
300
300
300
48
313
48
300
283
300
138
300
300
300
300
260
300
377
300
313
168
282
300
364
166
300
300
499
300
300
300
131
283
300
369
300
364
131
397
7
300
404
313
392
313
138
367
344
344
344
344
344
344
344
344
344
344
344
276
352
344
344
344
344
344
344
344
344
168
344
344
344
344
344
344
344
344
344
344
344
344
344
344
344
344
344
344
344
344
344
344
344
344
344
344
344
344
344
344
344
344
344
344
344
344
344
344
402
344
344
271
344
344
271
36
344
344
344
344
344
344
344
421
344
225
418
344
344
344
371
344
352
344
344
344
344
416
62
344
344
242
344
344
344
344
344
482
344
344
344
344
344
495
62
344
344
344
344
344
344
344
344
125
344
344
344
344
344
161
305
344
344
256
344
73
344
62
125
344
344
344
337
344
344
344
344
344
344
344
125
344
344
35
73
344
344
344
344
344
344
344
344
344
130
344
344
344
344
344
344
344
344
344
344
344
344
344
344
344
344
344
344
344
344
344
344
344
344
344
344
344
344
344
344
344
344
344
344
344
344
344
344
344
344
344
344
344
344
344
344
412
344
344
344
344
367
300
48
186
48
166
48
48
48
48
300
168
364
463
186
283
48
42
48
417
48
300
186
63
48
48
362
344
186
433
423
288
48
134
48
48
170
48
63
186
63
459
48
63
48
48
63
186
48
48
48
48
371
48
63
186
459
48
48
48
48
47
42
48
48
48
459
459
459
459
459
48
283
48
300
48
459
186
166
48
48
48
256
277
333
48
56
459
385
283
222
186
48
48
48
48
48
48
386
48
47
48
48
459
186
48
48
48
392
459
48
48
48
186
168
48
48
252
48
48
48
48
48
337
186
48
48
48
48
48
392
186
337
248
382
59
48
452
48
48
122
186
277
186
337
48
132
48
48
176
48
186
48
186
48
48
48
48
48
48
48
459
186
317
134
48
412
36
48
48
48
180
459
270
48
252
48
364
186
48
48
48
186
495
48
222
48
3
186
436
479
48
48
48
48
48
48
186
138
138
436
236
53
367
193
89
76
208
230
247
126
55
230
76
76
464
407
66
76
476
76
476
337
324
76
76
390
324
324
76
76
76
464
76
76
233
76
76
282
476
76
319
180
357
76
76
164
76
76
322
369
319
180
481
76
76
76
76
340
422
402
164
495
96
247
76
439
133
422
174
76
237
11
301
76
76
483
247
323
7
444
276
76
76
14
76
481
189
104
76
76
76
457
76
476
76
76
373
418
41
291
181
76
76
76
76
76
47
390
76
168
11
76
373
14
288
76
166
131
76
374
476
2
55
460
364
83
102
76
135
352
76
197
164
204
76
76
76
390
76
274
290
76
76
121
76
469
426
123
44
76
294
76
283
76
76
376
76
188
76
386
476
372
454
76
471
248
340
76
247
460
223
485
76
282
119
379
76
398
76
397
204
312
76
476
450
1
76
480
76
76
14
131
242
76
76
392
159
247
76
76
76
476
76
76
104
76
76
367
314
286
309
44
210
91
448
335
236
210
450
250
450
450
381
394
0
489
33
313
250
309
434
450
209
450
11
366
368
250
11
0
0
309
0
113
309
0
0
53
314
450
299
441
20
234
394
450
309
450
309
450
103
450
173
450
421
417
160
401
120
450
236
309
0
4
4
196
450
108
434
309
417
0
250
0
450
366
160
484
0
160
160
160
160
160
160
160
160
144
114
381
236
476
167
195
397
450
0
226
476
165
251
450
0
450
309
316
281
144
450
224
450
0
0
0
434
250
305
393
0
185
180
309
180
434
196
211
4
40
144
250
467
264
450
333
45
250
0
234
120
250
357
273
450
31
0
250
250
0
262
278
339
394
169
309
250
20
313
60
401
236
8
23
286
401
309
450
0
453
61
441
0
366
105
160
0
390
212
0
209
226
0
365
410
250
309
450
0
160
366
114
420
420
450
306
450
0
276
185
309
281
250
128
185
128
489
0
78
367
364
214
152
485
485
485
485
485
485
26
485
485
485
79
485
191
485
485
485
485
168
485
485
193
485
485
485
485
428
485
282
485
485
485
485
485
485
485
495
485
315
485
115
191
191
485
485
305
485
321
134
352
485
168
485
485
485
485
485
485
485
193
171
485
161
485
485
485
485
485
485
447
485
170
485
189
485
485
485
485
305
485
485
416
455
485
495
485
193
268
485
485
485
437
485
485
485
193
485
485
485
453
485
485
485
282
485
485
485
485
485
485
485
485
485
485
239
352
485
485
485
485
485
485
485
485
485
485
485
282
485
485
485
485
485
352
455
485
485
485
485
485
485
485
485
166
485
485
471
485
485
485
485
200
485
485
485
485
485
485
485
485
485
485
485
437
485
485
352
168
485
485
485
485
485
485
485
485
485
485
485
485
485
485
485
485
485
485
485
485
194
485
485
485
485
485
485
476
485
